Name,Location,Rating,Contact
KA Microsalon,"18096 Kings Row, Houston, TX, 77058",5.0,+17136143485
Perfection by Penny,"12422 Hwy 6, Santa Fe, TX, 77510",5.0,+12819102169
BM Skin Care,"17226 Mercury Dr, Houston, TX, 77058",4.5,+18325517236
Faces Etc,"906 W Main St, League City, TX, 77573",4.5,+12815543223
About Face by Tanya,"3101 Nasa Pkwy, Seabrook, TX, 77586",5.0,+17138231849
Advanced Skincare and Massage,"106 S Hardie St, Alvin, TX, 77511",5.0,+18322795222
Trangquil Spa & Boutique,"651 N Egret Bay Blvd, League City, TX, 77573",5.0,+18326322076
